mode    pedestrian    station    tractor     shields      stockholm
fil     7155.21       3632.70    14440.26    6245.18      4294.96
fin     7932.98       4339.18    14759.79    6297.04      4400.97
fql     6773.14       2640.20    12850.96    4340.57      2976.94
fqn     7558.04       3432.37    13202.34    4397.92      3091.35
hil     7248.80       3651.86    14515.63    6291.47      4320.96
hin     7812.48       4173.47    14770.83    6329.62      4385.48
hql     6795.14       2715.12    12400.08    3632.36      2284.50
hqn     7422.96       3372.84    12689.08    3686.19      2375.73

mode         fil        fin        fql        fqn        hil        hin        hql        hqn
pedestrian   7155.21    7932.98    6773.14    7558.04    7248.80    7812.48    6795.14    7422.96
station      3632.70    4339.18    2640.20    3432.37    3651.86    4173.47    2715.12    3372.84
tractor      14440.26   14759.79   12850.96   13202.34   14515.63   14770.83   12400.08   12689.08
shields      6245.18    6297.04    4340.57    4397.92    6291.47    6329.62    3632.36    3686.19
stockholm    4294.96    4400.97    2976.94    3091.35    4320.96    4385.48    2284.50    2375.73

mode    pedestrian    station    tractor    shields    stockholm
fil     7155          3633       14440      6245       4295
fin     7933          4339       14760      6297       4401
fql     6773          2640       12851      4341       2977
fqn     7558          3432       13202      4398       3091
hil     7249          3652       14516      6291       4321
hin     7812          4173       14771      6330       4385
hql     6795          2715       12400      3632       2285
hqn     7423          3373       12689      3686       2376

mode          fil      fin      fql      fqn      hil      hin      hql      hqn
pedestrian    7155     7933     6773     7558     7249     7812     6795     7423
station       3633     4339     2640     3432     3652     4173     2715     3373
tractor       14440    14760    12851    13202    14516    14771    12400    12689
shields       6245     6297     4341     4398     6291     6330     3632     3686
stockholm     4295     4401     2977     3091     4321     4385     2285     2376
